9182
4968
-2825
-3413
-6891
8755
5389
-4139
143
9265
-5228
1575
1975
8511
-5220
-6923
8553
9426
-1190
-1400
-4809
-9722
-5978
2324
5962
-2788
-6265
-7028
1426
8638
-7565
-5269
8592
-9575
-6873
-3449
-2411
-5095
4521
-7153
-9108
878
-6034
-4194
6962
-2601
2370
-5411
2723
-8791
-1748
-2919
1454
9441
929
-7893
180
-7533
-4975
-1112
4383
8862
-7498
-7926
-1499
-9228
-8939
-8643
-9645
-8203
-8421
2630
9274
5498
6785
-4302
6080
-8655
-2579
8535
8452
8523
-2356
8578
4814
-6828
-125
-3890
-8595
-6625
2984
39
-2004
4685
-232
9602
8002
7927
-4329
1985
